1366	
2915	
1	2
1	4
1	15
1	763
1	764
2	3
2	15
2	283
2	284
2	764
3	332
3	333
3	1366
4	6
4	763
4	764
4	1178
4	1210
5	6
5	1178
5	1339
5	1366
6	1178
6	1199
7	8
7	358
7	359
7	360
7	1067
7	1366
8	9
8	42
8	1067
9	10
9	43
9	76
10	44
10	77
10	1366
11	12
11	221
11	975
11	1366
12	13
12	271
12	788
12	1128
13	14
13	787
13	788
14	15
14	787
14	789
15	117
15	283
15	761
15	762
15	763
16	17
16	470
16	471
16	1366
17	18
17	678
17	806
18	19
18	679
18	807
19	20
19	680
19	732
20	21
20	681
20	808
21	22
21	23
21	71
21	406
21	407
21	682
21	740
22	23
22	71
22	72
22	704
22	894
22	1259
23	24
23	409
23	410
23	653
23	740
23	951
24	25
24	72
24	956
25	26
25	73
25	440
26	74
26	942
26	1366
27	28
27	31
27	1006
27	1042
28	29
28	1007
28	1043
29	30
29	1008
29	1044
30	867
30	868
30	1366
31	32
31	1122
32	33
32	1041
32	1042
32	1320
33	40
33	160
33	1088
33	1165
34	35
34	530
34	971
34	1366
35	36
35	528
35	529
36	37
36	887
36	1087
37	38
37	548
37	873
37	874
38	39
38	548
38	549
39	40
39	145
39	317
39	549
40	139
40	146
40	160
40	1088
41	42
41	358
41	1133
41	1366
42	43
42	357
42	358
43	44
44	122
44	357
44	1366
45	46
45	1225
45	1233
45	1366
46	47
46	1137
46	1203
46	1204
46	1226
46	1366
47	48
47	1205
47	1366
48	49
48	458
48	1200
48	1366
49	50
49	185
49	1366
50	51
50	134
50	1366
51	52
51	722
51	1366
52	53
52	199
52	1366
53	54
53	200
53	722
54	55
54	134
54	201
55	56
55	135
55	202
56	57
56	136
56	1287
57	58
57	137
57	202
57	203
57	321
57	1340
58	59
58	138
58	700
58	1352
59	60
59	319
59	320
59	1105
60	85
60	1191
60	1238
60	1366
61	62
61	107
61	972
61	1366
62	63
62	108
62	1085
63	64
63	109
63	875
64	65
64	166
64	550
64	562
65	66
65	110
65	166
66	67
66	111
66	167
67	68
67	168
67	264
68	69
68	165
68	265
69	70
69	266
69	1047
70	267
70	329
70	1366
71	683
71	704
72	73
72	894
73	74
73	439
74	895
74	1366
75	76
75	257
75	361
75	1235
76	77
76	258
76	1067
77	259
77	1366
78	79
78	260
78	1089
78	1366
79	80
79	261
79	360
80	256
80	361
80	1235
81	82
81	431
81	918
81	1236
81	1366
82	83
82	133
82	431
82	1366
83	84
83	133
83	1237
83	1366
84	85
84	318
84	1237
84	1366
85	319
85	1366
86	87
86	1074
86	1094
86	1366
87	88
87	672
87	1366
88	89
88	674
88	1308
88	1366
89	90
89	675
89	1366
90	91
90	676
90	1366
91	92
91	349
91	1291
91	1366
92	93
92	487
92	488
92	489
92	1154
92	1251
92	1291
92	1366
93	94
93	191
93	1362
93	1366
94	95
94	192
94	1366
95	96
95	193
95	1366
96	97
96	123
96	124
97	98
97	677
97	1177
98	99
98	1096
98	1097
98	1190
99	100
99	1098
99	1225
100	101
100	1095
100	1138
100	1226
101	102
101	1193
101	1228
102	103
102	1095
102	1099
103	104
103	128
103	129
104	105
104	454
104	455
104	574
105	106
105	456
106	457
106	574
106	1037
106	1366
107	108
107	973
107	1366
108	109
108	1181
109	110
109	562
109	876
110	111
110	268
110	562
111	112
111	264
111	1182
112	113
112	1170
112	1182
113	114
113	1171
113	1321
114	115
114	214
114	215
114	1136
114	1170
114	1348
115	116
115	117
115	749
115	1198
116	117
116	761
117	118
117	1198
118	119
118	282
118	283
119	331
119	332
119	1336
119	1366
120	121
120	172
120	1133
120	1366
121	122
121	171
121	173
121	357
122	385
122	1366
123	1177
123	1364
123	1366
124	125
124	193
124	194
124	677
125	126
125	304
125	1096
126	127
126	305
126	1097
126	1098
127	128
127	573
127	1095
128	574
128	1095
129	130
129	454
129	463
129	1099
129	1335
130	131
130	463
130	575
130	1314
131	132
131	189
131	190
131	1239
131	1354
132	133
132	190
132	575
132	721
133	318
133	431
133	648
134	135
134	185
134	722
135	136
135	186
136	137
136	187
136	1330
137	138
137	188
137	189
137	1355
138	189
138	698
138	1239
138	1354
139	140
139	160
139	164
139	1183
139	1240
140	1045
140	1046
140	1366
141	142
141	530
141	972
141	1366
142	143
142	887
142	1085
143	144
143	874
143	875
144	145
144	549
144	550
145	146
145	933
145	1289
146	164
146	1188
146	1240
146	1289
147	148
147	150
147	174
147	175
147	233
147	234
148	149
148	176
148	955
148	1266
148	1328
149	177
149	434
149	1366
150	151
150	838
150	1266
151	152
151	950
151	1328
152	159
152	406
152	435
152	683
152	703
152	1264
152	1282
153	154
153	469
153	470
153	1366
154	155
154	678
154	990
155	156
155	679
155	991
156	157
156	680
156	731
157	158
157	681
157	992
158	159
158	682
158	986
158	993
159	405
159	406
159	950
160	161
160	1165
161	162
161	1166
161	1183
162	163
162	1044
162	1045
163	868
163	869
163	1366
164	165
164	1046
165	168
165	1047
165	1188
166	167
166	933
167	168
167	1188
169	170
169	355
169	356
169	385
169	1366
170	171
170	356
170	385
170	1039
171	173
171	384
171	385
172	173
172	384
172	1366
174	184
174	233
174	402
174	403
174	838
175	176
175	702
176	177
176	954
177	433
177	1366
178	179
178	395
178	467
178	1366
179	180
179	396
179	833
180	181
180	397
180	834
181	182
181	398
181	729
182	183
182	399
182	835
183	184
183	400
183	836
184	401
184	837
185	186
185	458
186	187
186	459
187	188
187	460
188	189
188	461
188	1330
189	462
189	463
189	1314
189	1355
190	698
191	192
191	489
192	193
192	489
192	647
193	303
194	195
194	303
194	304
195	196
195	571
195	572
196	197
196	1035
196	1036
197	198
197	1057
197	1058
198	1106
198	1164
198	1366
199	200
199	386
199	1366
200	201
200	723
201	202
201	1107
202	203
202	1108
202	1287
203	204
203	322
203	1108
204	205
204	262
204	293
204	425
204	1248
204	1249
205	206
205	326
206	207
206	208
206	425
206	1111
207	208
207	940
208	209
208	941
209	210
209	425
209	426
210	211
210	427
210	637
210	1293
211	212
211	327
211	328
211	428
211	637
212	294
212	295
212	1366
213	214
213	218
213	269
213	270
214	749
214	1171
215	216
215	1135
215	1136
215	1348
216	217
216	282
216	1048
217	282
217	330
217	331
217	1366
218	219
218	878
219	220
219	270
219	748
220	222
220	271
221	222
221	747
221	1128
221	1366
222	271
222	748
223	224
223	234
223	432
223	629
223	630
223	631
223	954
224	432
224	632
224	1295
224	1366
225	226
225	395
225	466
225	1366
226	227
226	393
226	394
227	228
227	396
227	639
228	229
228	397
228	640
229	230
229	398
229	641
230	231
230	399
230	642
231	232
231	401
231	643
232	233
232	401
232	402
232	644
233	234
233	645
233	1280
234	628
234	629
234	646
234	702
235	260
235	297
235	1243
235	1366
236	237
236	261
236	298
236	1243
237	238
237	1068
237	1069
238	239
238	300
238	1069
238	1155
239	240
239	301
239	1049
240	302
240	1156
240	1366
241	242
241	598
241	666
241	774
241	1366
242	243
242	599
242	850
243	244
243	851
243	1116
244	254
244	255
244	671
244	775
244	852
245	246
245	603
245	667
245	1366
246	247
246	604
246	668
247	248
247	605
247	791
248	249
248	605
248	792
249	250
249	606
249	669
250	251
250	607
250	669
251	252
251	608
251	670
252	253
252	601
252	602
253	254
253	671
253	800
253	1341
254	255
254	800
255	896
256	257
256	1068
256	1244
257	258
257	1155
258	259
258	1049
259	1156
259	1366
260	261
260	1366
261	1244
261	1313
262	263
262	322
262	327
262	328
262	1248
263	294
263	1109
263	1366
264	265
264	1170
265	266
265	1135
266	267
266	1048
267	330
267	1366
268	269
268	876
268	1182
269	877
269	1171
270	271
270	749
271	760
271	787
271	1128
272	273
272	977
272	1000
272	1366
273	274
273	687
273	688
274	275
274	383
274	750
274	978
275	276
275	591
275	979
275	1001
275	1298
276	277
276	591
276	592
277	278
277	1003
277	1127
278	662
278	796
278	1246
279	280
279	662
279	663
279	796
279	1246
280	281
280	981
280	1027
281	453
281	771
281	1256
281	1366
282	331
282	1136
282	1198
283	332
284	285
284	333
285	286
285	334
285	1206
286	287
286	335
286	1212
287	288
287	336
288	289
288	1212
289	336
289	1356
289	1366
290	291
290	323
290	386
290	1366
291	292
291	324
291	723
292	293
292	325
292	1107
293	326
293	1108
294	328
294	1366
295	296
295	428
295	1366
296	500
296	632
296	1366
297	298
297	1090
297	1366
298	1069
298	1151
298	1247
299	300
299	1069
299	1070
299	1151
299	1247
299	1315
300	301
300	1157
301	302
301	1050
302	1158
302	1366
303	571
303	647
304	305
304	306
304	572
304	573
306	1036
306	1037
306	1059
306	1366
307	308
307	521
307	522
307	1366
308	309
308	839
308	964
309	310
309	840
309	965
310	311
310	541
310	542
311	312
311	542
311	841
311	966
312	313
312	543
312	882
313	314
313	544
313	1209
314	315
314	545
314	1004
315	316
315	546
315	1122
316	317
316	547
316	1041
317	548
317	1088
318	319
318	721
319	1105
320	321
320	1191
320	1340
321	322
321	1192
322	1109
323	324
323	387
323	1366
324	325
324	724
325	326
325	1110
326	1111
327	328
327	637
327	1249
329	1047
329	1250
329	1366
330	1048
330	1366
331	1366
332	1366
333	334
333	1337
333	1366
334	335
334	1337
335	336
335	1366
336	1366
337	338
337	617
337	618
337	1366
338	339
338	520
338	521
339	340
339	839
339	1119
340	341
340	540
340	840
341	342
341	540
341	541
342	343
342	841
342	932
343	344
343	842
343	1078
344	345
344	828
344	962
344	1078
344	1267
345	346
345	829
345	1172
346	347
346	830
346	1173
347	348
347	831
347	1174
348	863
348	864
348	1366
349	350
349	487
349	676
349	1154
349	1251
350	351
350	569
350	1022
351	352
351	353
351	649
351	1023
351	1275
352	353
352	650
353	354
353	651
353	934
354	652
354	935
354	1366
355	356
355	1013
355	1326
355	1366
356	1219
357	1133
358	1366
359	360
359	1089
359	1254
359	1366
360	361
360	1067
360	1089
361	1067
362	363
362	364
362	371
362	416
362	424
362	579
362	813
363	364
363	416
364	365
364	417
364	579
365	366
365	418
366	367
366	419
366	579
367	368
367	419
367	654
367	1265
368	369
368	420
368	444
369	370
369	420
369	443
370	421
370	943
370	1366
371	372
371	580
371	621
371	814
372	373
372	815
373	374
373	620
373	621
373	847
374	375
374	816
374	847
375	376
375	817
375	997
376	377
376	818
376	1014
377	378
377	714
377	715
378	379
378	819
378	1015
378	1017
379	380
379	820
379	1140
380	381
380	821
380	1213
381	382
381	822
381	1214
382	383
382	711
382	712
383	687
383	1001
384	1039
384	1312
384	1366
385	1366
386	723
386	1366
387	388
387	724
387	1366
388	389
388	1009
388	1366
389	390
389	936
389	937
390	391
390	843
390	936
390	1307
390	1366
391	392
391	464
391	1112
392	393
392	465
392	501
393	466
393	639
394	395
394	396
395	396
395	1366
396	397
397	398
398	399
399	400
399	401
400	401
401	402
402	1280
403	404
403	837
403	838
404	405
404	950
404	1187
405	993
406	682
406	683
407	408
407	808
408	409
408	740
408	746
409	410
409	735
409	740
409	743
409	946
409	988
410	411
410	989
411	412
411	951
411	953
411	994
412	413
412	483
412	484
412	492
412	576
412	705
412	951
412	1196
413	414
413	484
413	492
413	684
413	1350
414	415
414	484
414	685
414	1150
415	416
415	417
415	496
415	1180
416	417
416	424
416	430
416	496
416	686
417	418
418	419
418	485
418	1180
419	420
419	485
420	421
420	442
420	1265
421	486
421	1366
422	423
422	429
422	1132
422	1366
423	424
423	430
423	813
425	637
425	1293
426	427
426	701
426	941
426	948
427	428
427	638
428	500
429	430
429	1232
429	1366
430	812
431	917
432	433
432	1295
432	1366
433	954
433	1366
434	435
434	955
434	1366
435	436
435	888
435	889
435	955
435	1366
436	437
437	438
437	888
437	889
438	439
438	490
438	491
439	894
439	895
440	441
440	942
440	956
441	442
441	577
441	578
441	956
442	485
442	486
442	577
443	444
443	943
444	445
444	581
444	654
444	655
444	765
444	912
444	984
445	446
445	766
445	944
445	1366
446	447
446	720
446	767
446	1366
447	448
447	768
447	1366
448	449
448	769
448	1284
448	1366
449	450
449	770
449	1366
450	451
450	661
450	1366
451	452
451	661
451	662
451	795
451	1002
451	1027
451	1334
451	1366
452	453
452	1366
453	1027
453	1366
454	455
454	575
454	648
455	456
455	1038
456	457
456	917
456	1038
457	918
457	1366
458	459
459	460
459	1200
460	461
460	1201
461	462
461	1195
462	463
462	1202
463	1100
464	465
464	1257
464	1366
465	466
465	1366
466	1366
467	468
467	833
467	1366
468	469
468	1184
468	1366
469	990
469	1366
470	678
470	1366
471	472
471	806
471	1366
472	473
472	744
472	1366
473	474
473	741
473	1366
474	475
474	742
474	1366
475	476
475	739
475	1366
476	477
476	987
476	1366
477	478
477	952
477	1366
478	479
478	998
478	1366
479	480
479	482
479	1366
480	481
480	1258
480	1366
481	482
481	809
481	1258
482	483
482	738
482	998
482	999
483	684
483	999
484	485
484	492
484	705
484	1150
485	576
485	705
485	1180
485	1309
486	578
486	1366
487	488
487	569
488	489
488	563
489	633
490	704
490	888
490	894
490	1259
491	889
491	895
491	1366
493	494
493	890
493	1232
493	1366
494	495
494	811
494	812
495	496
495	684
495	686
496	685
497	498
497	628
497	701
497	1260
497	1294
498	499
498	629
498	638
499	500
499	630
500	631
500	638
501	502
501	622
501	639
501	1112
502	503
502	623
502	728
503	504
503	624
503	1113
504	505
504	625
504	1114
505	506
505	626
505	846
505	1012
506	627
506	949
506	1260
507	508
507	518
507	616
507	1064
507	1366
508	509
508	1065
508	1118
509	510
509	1066
509	1080
510	511
510	538
510	561
510	1261
511	512
511	531
511	931
512	513
512	532
512	1063
513	514
513	533
513	961
514	515
514	534
515	516
515	535
515	961
515	1207
516	517
516	536
516	1208
517	537
517	862
517	1366
518	519
518	1118
518	1366
519	520
519	824
519	1366
520	617
520	1119
520	1366
521	618
521	839
522	523
522	964
522	967
522	1278
522	1366
523	524
523	879
523	880
523	1216
524	525
524	968
524	1216
525	526
525	969
525	1176
526	527
526	870
526	871
527	528
527	970
527	1040
528	971
528	1087
529	530
529	887
530	1366
531	532
531	538
531	826
531	1261
532	533
532	827
532	1305
533	534
533	828
534	535
534	829
535	536
535	830
536	537
536	831
537	832
537	1366
538	539
538	825
538	1080
538	1261
539	540
539	825
539	826
540	932
540	1119
541	840
541	841
542	543
542	965
543	544
543	881
544	545
544	1179
545	546
545	1121
546	547
546	1121
546	1329
547	548
547	872
548	873
549	874
550	875
550	933
551	552
551	558
551	783
551	927
552	553
552	784
552	1077
553	554
553	785
553	1033
554	555
554	785
554	957
555	556
555	786
555	1034
556	557
556	780
556	1028
557	858
557	859
557	1366
558	559
558	782
558	927
558	1031
558	1076
559	560
559	928
559	1031
560	561
560	930
560	1079
561	931
561	1066
563	564
563	569
563	633
564	565
564	633
565	566
565	570
565	571
566	567
566	634
566	1024
567	568
567	635
567	1025
568	636
568	1026
568	1366
569	570
569	649
570	649
570	1024
571	634
571	1035
572	1036
573	574
573	1037
575	648
576	577
576	653
576	705
576	951
576	1319
577	956
578	942
578	1366
579	580
580	581
580	654
581	582
581	621
581	996
582	583
582	706
582	996
583	584
583	717
583	718
584	585
584	1318
585	586
585	717
585	1017
585	1163
586	587
586	707
586	1140
586	1160
586	1214
587	588
587	707
587	1018
588	589
588	708
588	1220
589	590
589	709
589	1115
590	591
590	1001
590	1002
591	1003
592	593
592	1127
592	1298
593	594
593	979
593	980
594	595
594	915
594	945
595	596
595	906
595	1273
595	1331
596	597
596	910
596	1272
596	1285
597	598
597	665
597	893
597	906
597	910
597	1021
597	1285
598	599
598	983
598	1021
598	1297
599	600
599	1116
599	1215
599	1299
600	601
600	916
600	1116
600	1274
601	670
601	671
602	608
602	801
602	1131
602	1341
603	604
603	609
603	1262
603	1366
604	605
604	919
605	606
605	920
606	607
606	921
607	608
607	922
608	923
608	1347
609	610
609	919
609	1262
609	1366
610	611
610	919
610	1366
611	612
611	1081
611	1366
612	613
612	901
612	1351
612	1366
613	614
613	781
613	1075
613	1366
614	615
614	1075
614	1366
615	616
615	1029
615	1366
616	1101
616	1366
617	1366
618	1263
618	1366
619	620
619	911
619	995
619	1366
620	815
620	816
621	706
622	623
622	640
623	624
623	641
624	625
624	642
625	626
625	643
626	627
626	644
627	628
627	645
628	629
628	646
629	630
630	631
631	632
632	1366
633	647
634	635
634	1035
635	636
635	1057
636	1164
636	1366
638	701
639	640
640	641
641	642
642	643
643	644
644	645
645	646
648	917
648	1286
649	650
650	651
650	1024
651	652
651	1025
652	1026
652	1366
653	956
655	656
655	984
655	996
656	657
656	658
656	718
656	849
657	658
657	719
658	659
658	793
658	1134
658	1163
659	660
659	769
659	793
660	661
660	770
660	794
660	795
660	1220
661	770
661	795
662	1003
662	1027
663	664
663	981
663	1281
664	665
664	799
664	907
664	1277
665	666
665	773
665	774
665	799
665	907
665	1300
665	1322
665	1366
666	1021
667	668
667	697
667	757
667	1366
668	669
668	758
668	791
669	670
669	790
669	792
670	916
671	1116
671	1274
672	673
672	1074
673	674
673	1074
673	1144
673	1288
673	1308
674	675
674	1161
675	676
675	1054
676	1022
677	1096
678	679
679	680
680	681
681	682
683	703
683	1264
684	685
684	811
684	999
684	1020
685	1350
686	812
687	711
687	1000
688	689
688	750
688	977
689	690
689	751
689	913
690	691
690	752
690	908
691	692
691	753
691	891
692	693
692	754
692	823
692	1124
693	694
693	755
693	1124
694	696
694	756
694	758
695	696
695	697
695	757
695	1123
695	1366
696	697
696	1124
697	757
697	758
698	699
698	721
699	700
699	1105
699	1352
700	1292
700	1349
701	949
702	954
703	704
703	888
706	847
707	708
708	709
708	1214
709	712
710	711
710	1000
710	1224
710	1366
711	822
712	1001
712	1214
713	714
713	1016
713	1230
713	1366
714	818
714	819
715	716
715	1014
715	1015
716	717
716	848
716	1017
717	848
718	996
718	1163
719	720
719	849
719	1134
720	767
720	768
721	1105
723	1107
724	725
724	1110
725	726
725	1009
725	1010
726	727
726	937
726	938
727	728
727	843
727	844
728	1112
728	1113
729	730
729	834
729	835
730	731
730	1185
730	1186
731	991
731	992
732	733
732	807
732	808
733	734
733	745
733	746
734	735
734	742
734	743
735	736
735	739
736	737
736	987
736	988
737	738
737	952
737	953
738	998
738	1196
739	742
739	987
741	742
741	744
742	745
743	746
744	745
744	806
745	807
746	808
747	748
747	974
747	1366
748	878
749	760
750	751
750	978
751	752
751	914
752	753
752	909
753	754
753	892
754	755
754	982
755	756
755	1125
756	759
756	790
756	1129
757	1366
758	759
758	790
760	761
760	787
761	762
762	787
763	789
764	1199
765	766
766	767
766	984
767	849
768	769
768	1134
769	770
769	1134
771	772
771	981
771	1366
772	773
772	907
772	1366
773	774
773	1366
774	1300
774	1322
774	1366
775	776
775	853
775	896
776	777
776	854
776	897
777	778
777	855
777	898
778	779
778	856
778	899
778	1060
778	1301
779	780
779	857
779	1060
780	786
780	858
780	1222
781	782
781	901
781	1076
782	783
782	901
782	902
783	784
783	904
784	785
784	905
785	786
785	805
786	1222
788	789
788	976
788	1360
789	1210
789	1366
790	916
790	1129
790	1296
791	792
793	794
793	1160
794	1018
795	1115
796	797
796	1127
797	798
797	980
797	1281
798	799
798	945
798	1277
799	906
800	801
800	896
800	1341
801	802
801	897
802	803
802	898
802	1131
803	804
803	899
803	1086
804	805
804	900
804	1211
804	1221
805	900
805	905
805	1222
806	807
809	810
809	999
809	1366
810	811
810	1019
810	1020
811	890
812	1232
813	814
813	1132
814	815
814	1231
815	911
816	817
816	995
817	818
817	995
818	1230
819	820
819	1016
820	821
820	1139
821	822
821	1229
822	1224
823	891
823	1123
823	1366
824	825
824	1118
824	1119
825	1080
826	827
826	932
827	828
827	1078
828	829
828	1078
828	1305
829	830
830	831
831	832
831	863
832	863
832	1366
833	834
833	1184
834	1185
835	836
835	1186
836	837
836	985
837	1187
838	950
839	840
841	842
842	966
842	1267
843	937
843	1112
844	845
844	938
844	1113
845	846
845	939
845	947
845	1114
846	1012
846	1114
847	848
847	997
848	1014
849	984
850	851
850	1269
850	1366
851	852
851	1366
852	853
852	1366
853	854
853	1366
854	855
854	1366
855	856
855	1366
856	857
856	1366
857	858
857	1366
858	1323
858	1366
859	860
859	1028
859	1366
860	861
860	1169
860	1366
861	862
861	1104
861	1366
862	1208
862	1366
863	1366
864	865
864	1174
864	1366
865	866
865	886
865	1366
866	867
866	1218
866	1366
867	1008
867	1366
868	1044
868	1366
869	1045
869	1271
869	1366
870	969
870	970
870	1366
871	872
871	1040
871	1176
871	1329
872	873
872	1040
873	1087
874	887
875	1085
876	877
876	1181
877	878
877	973
878	974
879	967
879	968
879	1366
880	881
880	964
880	1120
881	965
881	1179
882	883
882	966
882	1209
883	884
883	963
883	1175
884	885
884	1189
884	1197
885	886
885	1173
885	1217
885	1332
886	1174
886	1218
889	1366
890	1019
890	1366
891	908
891	1366
892	893
892	909
892	982
893	910
893	983
895	1366
896	897
897	898
898	899
898	1301
899	900
900	1060
901	902
901	1117
902	903
902	1130
903	904
903	1223
904	905
904	926
905	1221
906	945
906	1272
907	981
908	913
908	1366
909	910
909	914
910	915
911	1231
911	1366
912	943
912	944
912	1366
913	977
913	1366
914	915
914	978
915	979
915	1273
915	1331
916	1215
917	918
917	1038
918	1366
919	920
919	1081
920	921
920	1082
921	922
921	1082
922	923
922	1083
922	1347
923	924
923	925
923	1084
923	1131
923	1347
924	925
924	1131
925	926
925	1084
925	1086
925	1211
926	1221
926	1223
927	928
927	1077
928	929
928	1032
929	930
929	1167
930	931
930	1062
930	1167
931	1063
932	1078
933	1188
933	1289
934	935
934	1023
934	1056
934	1275
935	1159
935	1366
936	1306
936	1307
936	1366
937	1009
938	939
938	1010
939	940
939	1011
940	941
940	947
941	948
942	1366
943	1366
944	1276
944	1366
945	980
946	988
946	989
947	948
947	1012
948	949
949	1012
949	1294
952	987
952	998
953	988
953	994
953	1196
955	1282
956	1319
957	958
957	1033
957	1034
958	959
958	1061
958	1168
959	960
959	1062
959	1103
960	961
960	1063
960	1207
961	1063
962	963
962	1172
963	966
963	1189
964	965
967	1278
967	1366
968	969
968	1366
969	1366
970	971
970	1366
971	1366
972	1085
972	1366
973	974
973	1181
973	1366
974	1366
975	976
975	1360
975	1366
976	1279
976	1366
977	1366
978	979
980	1127
982	983
982	1125
983	1126
985	986
985	1186
985	1187
986	992
986	993
988	989
989	994
990	991
990	1184
991	1185
992	1186
993	1187
995	1230
995	1366
997	1014
999	1020
1000	1366
1002	1003
1002	1115
1004	1005
1004	1122
1004	1209
1005	1006
1005	1175
1006	1007
1006	1197
1007	1008
1007	1217
1008	1218
1010	1011
1010	1110
1011	1111
1013	1219
1013	1366
1015	1017
1016	1139
1016	1366
1017	1140
1018	1160
1018	1220
1019	1365
1019	1366
1022	1023
1022	1054
1023	1055
1024	1025
1025	1026
1026	1366
1028	1034
1028	1169
1029	1030
1029	1075
1029	1101
1030	1031
1030	1076
1030	1102
1031	1079
1032	1033
1032	1077
1032	1167
1033	1061
1033	1077
1034	1168
1035	1057
1036	1058
1037	1366
1038	1286
1039	1219
1039	1366
1040	1087
1041	1088
1041	1122
1042	1043
1042	1165
1043	1044
1043	1166
1044	1166
1045	1183
1046	1047
1046	1366
1048	1135
1049	1155
1049	1156
1050	1051
1050	1157
1050	1158
1051	1052
1051	1142
1051	1143
1051	1158
1052	1053
1052	1148
1052	1149
1053	1055
1053	1056
1053	1145
1053	1146
1053	1317
1054	1055
1054	1161
1055	1056
1055	1162
1056	1316
1057	1164
1058	1059
1058	1106
1059	1366
1060	1222
1061	1062
1061	1167
1062	1063
1064	1065
1064	1101
1065	1066
1065	1102
1066	1079
1068	1155
1068	1313
1070	1071
1070	1152
1070	1353
1071	1072
1071	1153
1072	1073
1072	1141
1072	1142
1073	1144
1073	1147
1073	1148
1073	1288
1074	1147
1074	1288
1075	1076
1079	1102
1080	1118
1081	1082
1081	1117
1081	1351
1082	1083
1082	1117
1083	1084
1083	1130
1084	1223
1086	1131
1086	1211
1089	1366
1090	1091
1090	1151
1090	1366
1091	1092
1091	1152
1091	1366
1092	1093
1092	1153
1092	1366
1093	1094
1093	1141
1093	1366
1094	1147
1094	1366
1095	1098
1096	1097
1097	1098
1099	1100
1099	1228
1100	1202
1100	1335
1101	1102
1103	1104
1103	1168
1103	1207
1104	1169
1104	1208
1105	1292
1105	1349
1106	1327
1106	1366
1107	1108
1109	1192
1109	1366
1110	1111
1113	1114
1115	1220
1117	1130
1117	1351
1120	1121
1120	1179
1120	1216
1121	1176
1121	1179
1123	1124
1123	1366
1125	1126
1125	1129
1126	1215
1126	1297
1126	1299
1130	1223
1132	1231
1132	1366
1133	1304
1135	1170
1136	1198
1137	1138
1137	1193
1137	1203
1137	1226
1138	1193
1139	1229
1139	1366
1140	1213
1141	1147
1141	1153
1142	1148
1142	1157
1143	1149
1143	1158
1143	1366
1144	1145
1144	1161
1145	1148
1145	1162
1146	1149
1146	1159
1146	1366
1149	1366
1150	1180
1150	1309
1151	1152
1152	1153
1156	1366
1157	1315
1157	1353
1158	1366
1159	1316
1159	1366
1160	1163
1161	1162
1162	1317
1163	1318
1164	1366
1165	1166
1165	1320
1168	1169
1170	1321
1171	1182
1172	1173
1172	1189
1173	1174
1175	1197
1175	1209
1176	1216
1177	1190
1177	1366
1178	1210
1178	1359
1178	1366
1184	1185
1189	1332
1190	1225
1190	1366
1191	1192
1191	1366
1192	1366
1193	1194
1193	1203
1194	1195
1194	1227
1194	1228
1195	1201
1195	1202
1197	1217
1199	1206
1199	1212
1199	1366
1200	1201
1200	1205
1201	1227
1202	1228
1203	1204
1204	1205
1204	1227
1205	1227
1206	1212
1207	1208
1210	1366
1211	1221
1213	1214
1217	1218
1224	1229
1224	1366
1225	1226
1229	1366
1230	1366
1231	1366
1232	1366
1233	1366
1234	1366
1236	1366
1237	1366
1238	1366
1241	1242
1241	1366
1245	1366
1250	1366
1252	1253
1252	1366
1253	1254
1255	1256
1255	1366
1257	1366
1258	1366
1262	1366
1263	1366
1268	1269
1268	1366
1270	1271
1270	1366
1276	1366
1278	1366
1279	1366
1283	1284
1283	1366
1290	1291
1290	1366
1302	1303
1302	1366
1303	1304
1306	1366
1307	1366
1310	1311
1310	1366
1311	1312
1323	1366
1324	1325
1325	1366
1326	1366
1327	1366
1333	1334
1333	1366
1336	1366
1337	1366
1338	1339
1338	1366
1342	1343
1342	1366
1343	1344
1343	1345
1344	1345
1344	1366
1345	1346
1346	1366
1356	1366
1357	1358
1357	1366
1358	1359
1361	1362
1361	1366
1363	1364
1363	1366
1365	1366
