1202	
2557	
1	388
1	594
1	1067
1	1202
2	3
2	282
2	1101
2	1202
3	4
3	282
3	865
4	5
4	439
4	440
5	387
5	388
5	660
5	1067
6	7
6	136
6	137
6	1024
6	1202
7	8
7	1002
7	1024
8	9
8	1003
8	1038
9	10
9	1004
9	1039
10	11
10	692
10	754
10	755
11	12
11	1037
11	1039
12	13
12	884
12	1126
13	14
13	287
13	1076
14	15
14	288
14	380
14	1149
15	16
15	289
15	393
16	17
16	590
16	591
17	18
17	177
17	1070
18	19
18	178
18	870
18	1070
18	1121
19	20
19	314
19	315
20	21
20	315
20	483
20	1092
21	22
21	23
21	315
21	566
21	567
22	23
22	181
22	693
23	24
23	700
24	25
24	104
24	316
24	700
25	26
25	105
25	317
26	106
26	1083
26	1202
27	28
27	359
27	953
27	1202
28	29
28	553
28	1202
29	30
29	792
29	1202
30	64
30	666
30	835
30	836
30	1202
31	32
31	33
31	36
31	901
31	925
31	1202
32	33
32	349
33	34
33	38
33	39
33	40
33	643
33	644
33	901
33	908
34	35
34	644
34	711
35	41
35	711
35	899
35	1202
36	37
36	718
36	1196
36	1202
37	38
37	39
37	901
38	39
39	40
39	42
39	718
39	730
40	41
40	42
40	711
41	717
41	1202
42	44
42	45
42	717
42	911
42	1103
43	44
43	715
43	909
43	1202
44	45
44	716
44	910
45	46
45	910
45	911
46	47
46	49
46	1066
46	1161
47	48
47	911
47	946
48	717
48	947
48	1202
49	50
49	828
49	946
50	919
50	1033
50	1202
51	52
51	355
51	912
51	1200
51	1202
52	53
52	356
52	913
53	54
53	357
53	435
54	55
54	358
54	866
55	56
56	57
56	866
56	914
57	867
57	915
57	1202
58	59
58	60
58	663
58	989
59	664
59	864
59	1202
60	61
60	665
60	1020
60	1110
61	62
61	670
61	989
61	1021
62	63
62	581
63	69
63	128
63	670
63	998
63	1122
64	65
64	129
64	1202
65	66
65	130
65	666
66	67
66	131
66	667
66	1028
67	68
67	132
68	69
68	133
68	1028
69	134
69	582
69	998
70	71
70	339
70	340
70	787
70	1202
71	72
71	273
71	1114
71	1202
72	79
72	273
72	1068
72	1202
73	74
73	170
73	415
73	1202
74	75
74	207
74	209
74	374
75	76
75	271
76	77
76	209
76	271
77	78
77	210
77	211
77	308
77	311
78	79
78	272
78	795
79	80
79	273
79	341
79	842
79	1068
80	81
80	1068
80	1202
81	82
81	842
81	1202
82	83
82	841
82	1202
83	84
83	817
83	1202
84	85
84	217
84	580
84	1053
84	1202
85	86
85	580
85	874
85	1202
86	87
86	874
86	1202
87	88
87	220
87	1202
88	89
88	221
88	1202
89	90
89	222
89	1202
90	91
90	802
90	803
91	92
91	807
91	1202
92	93
92	875
92	936
92	1202
93	94
93	876
93	1140
93	1202
94	95
94	877
94	1202
95	878
95	939
95	1202
96	97
96	101
96	376
96	905
96	906
96	988
97	98
97	377
97	378
97	642
98	99
98	776
99	100
99	247
99	248
99	378
100	303
100	304
100	1202
101	379
101	904
101	1136
101	1202
102	103
102	112
102	695
102	696
102	700
102	729
102	1112
103	104
103	700
103	701
104	105
104	887
105	106
105	318
106	107
106	364
106	1113
107	821
107	1113
107	1202
108	109
108	148
108	149
108	150
108	1202
109	110
109	183
109	184
110	111
110	705
110	818
111	112
111	706
111	729
111	819
111	992
112	696
113	114
113	379
113	640
113	969
113	1001
113	1069
114	115
114	969
114	981
115	116
115	970
115	982
116	117
116	968
116	983
117	118
117	774
117	775
118	119
118	246
118	247
119	302
119	303
119	1202
120	640
120	641
120	1069
120	1202
121	122
121	430
121	1199
121	1202
122	123
122	432
122	1008
123	124
123	432
124	125
124	433
124	1008
125	126
125	433
126	127
126	845
126	1189
127	846
127	1190
127	1202
128	581
128	675
128	676
128	1202
129	130
129	135
129	1202
130	131
130	135
131	132
131	687
132	133
132	688
133	134
133	689
134	677
135	136
135	585
135	678
135	687
135	1202
136	1002
136	1202
137	138
137	882
137	1202
138	139
138	285
138	1202
139	140
139	986
139	1085
139	1202
140	141
140	391
140	588
140	1085
140	1202
141	142
141	175
141	1202
142	143
142	868
142	1202
143	144
143	312
143	1202
144	145
144	481
144	1202
145	146
145	564
145	1202
146	147
146	179
146	182
146	1202
147	148
147	182
147	1202
148	149
148	183
148	1202
149	1202
150	151
150	184
150	1202
151	152
151	185
151	1202
152	153
152	186
152	394
152	1202
153	154
153	394
153	1202
154	155
154	395
154	1202
155	156
155	396
155	1202
156	157
156	397
156	603
156	1202
157	158
157	398
158	159
158	399
158	603
159	160
159	400
159	401
159	560
160	161
160	402
160	604
161	162
161	403
161	404
161	478
162	163
162	405
162	605
163	164
163	406
163	606
164	165
164	407
164	561
165	166
165	408
165	607
166	167
166	409
166	574
167	168
167	410
167	608
168	169
168	411
168	609
168	1202
169	170
169	412
169	1202
170	374
170	413
170	414
170	1202
171	172
171	359
171	568
171	1202
172	173
172	360
172	569
172	962
172	963
173	174
173	570
174	455
174	570
174	962
174	1202
175	176
175	588
175	868
176	177
176	589
176	869
177	590
177	870
178	592
178	871
178	1070
178	1202
179	180
179	182
179	564
179	851
180	181
180	565
180	852
181	566
181	853
182	183
182	851
183	818
184	185
184	705
185	186
185	652
186	187
186	934
187	188
187	394
187	458
188	189
188	395
188	942
189	190
189	396
189	780
190	191
190	397
190	649
191	192
191	398
191	698
192	193
192	399
192	834
193	194
193	400
193	556
194	195
194	401
194	559
195	196
195	402
195	719
196	197
196	403
196	720
197	198
197	404
197	479
198	199
198	405
198	662
199	200
199	406
199	1025
200	201
200	407
200	562
201	202
201	408
201	682
202	203
202	409
202	575
202	577
203	204
203	410
203	578
204	205
204	411
204	579
205	206
205	412
206	207
206	413
206	518
206	579
206	756
206	757
207	208
207	271
207	414
208	374
209	210
209	415
210	211
210	415
211	212
211	415
211	610
212	213
212	310
212	311
213	214
213	215
213	274
213	345
214	310
214	344
214	611
214	1202
215	216
215	309
215	311
215	346
215	484
215	485
215	519
216	217
216	347
216	519
216	796
216	797
217	218
217	343
217	347
217	1053
218	219
218	347
218	580
219	220
219	874
219	941
220	221
220	874
220	895
221	222
221	891
222	223
222	802
222	840
223	224
223	790
224	225
224	801
224	802
225	226
225	923
225	995
225	996
226	227
226	806
226	807
227	228
227	875
227	949
228	229
228	876
228	967
229	230
229	877
229	938
230	231
230	878
230	972
231	232
231	879
231	880
232	233
232	761
232	762
233	234
233	917
233	918
234	235
234	237
234	898
234	1071
235	236
235	237
235	290
235	918
235	1071
236	290
236	902
236	903
236	1202
237	238
237	291
237	1071
238	239
238	292
238	858
239	240
239	293
239	977
239	979
239	980
240	241
240	294
240	929
241	242
241	295
241	425
242	243
242	297
242	1014
243	244
243	299
243	1015
244	245
244	300
244	744
245	246
245	301
245	773
246	302
246	774
247	303
247	775
248	249
248	304
248	776
249	250
249	252
249	305
249	416
249	777
250	253
250	306
250	1073
250	1078
250	1202
251	252
251	254
251	349
251	1040
252	253
252	307
252	348
252	416
252	418
252	642
252	777
252	779
252	906
252	1040
253	348
253	643
253	1073
253	1202
254	255
255	349
255	984
255	1145
255	1146
255	1202
256	257
256	350
256	1151
256	1202
257	258
257	283
257	284
257	351
258	259
258	284
259	260
259	261
259	881
259	1061
260	261
260	389
260	1202
261	262
261	352
261	1061
261	1202
262	263
262	1009
262	1202
263	264
263	354
263	1202
264	265
264	595
264	1049
264	1202
265	266
265	595
265	1047
266	267
266	596
266	1060
267	268
267	390
267	597
267	860
268	269
268	390
268	1056
269	270
269	427
269	598
269	1050
269	1097
270	427
270	599
270	1075
270	1202
271	272
271	757
272	273
272	758
273	340
274	275
274	344
274	345
275	276
275	484
275	611
276	277
276	485
276	783
277	278
277	486
277	837
278	279
278	487
278	930
279	281
279	488
280	281
280	613
280	614
280	1202
281	896
281	930
282	283
282	440
282	1202
283	440
283	881
283	1202
284	351
285	286
285	882
285	986
286	287
286	883
286	987
286	1084
287	380
287	884
288	289
288	885
288	1076
289	592
289	886
289	1149
289	1202
290	291
290	1202
291	292
291	1202
292	293
292	1202
293	294
293	1202
294	295
294	940
294	1202
295	296
295	426
295	1192
296	297
296	426
297	298
297	1202
298	299
298	1202
299	300
299	1202
300	301
300	745
301	302
301	1154
301	1155
302	1202
303	1202
304	305
304	1202
305	306
305	1202
306	1078
306	1202
307	1146
307	1202
308	309
308	795
308	1176
309	311
309	796
310	610
310	1202
311	1176
312	313
312	481
312	868
313	314
313	482
313	869
314	483
314	870
315	316
315	710
315	871
315	1092
315	1093
316	317
316	567
316	1080
317	1080
317	1202
318	319
318	364
318	887
319	320
319	365
319	833
320	321
320	366
320	933
321	322
321	367
321	657
322	323
322	368
322	646
323	324
323	369
323	782
324	325
324	370
324	707
325	326
325	371
325	1035
326	327
326	372
326	965
327	328
327	373
327	557
327	722
327	965
328	329
328	467
328	468
328	476
328	714
329	330
329	468
329	661
329	671
329	672
329	731
330	331
330	721
331	332
331	731
331	825
332	333
332	474
332	475
333	334
333	474
333	732
334	335
334	473
334	826
335	336
335	685
335	686
336	337
336	515
336	516
337	338
337	827
337	1057
338	339
338	786
338	787
339	340
339	758
340	758
341	342
341	795
341	841
342	343
342	796
342	817
343	796
343	817
344	611
345	346
345	484
347	941
348	349
348	1040
349	925
350	351
350	1016
350	1202
351	352
351	1061
352	353
352	441
352	1009
352	1016
352	1048
353	354
353	1049
354	1009
354	1049
355	356
355	843
355	1202
356	357
356	433
357	358
357	434
358	844
359	360
359	1202
360	361
360	953
361	362
361	551
361	953
361	960
361	963
362	363
362	456
362	960
363	457
363	960
363	961
363	1081
363	1202
364	365
364	821
365	366
365	821
366	367
366	822
367	368
367	658
368	369
368	647
369	370
369	648
370	371
370	708
371	372
371	708
372	373
372	824
373	558
374	414
375	376
375	379
375	981
375	988
376	377
376	982
377	378
377	983
378	775
379	641
379	988
379	1100
379	1144
379	1202
380	393
380	987
380	1084
381	382
381	746
381	1062
381	1202
382	383
382	747
382	1043
383	384
383	436
383	437
384	385
385	386
385	437
386	387
386	438
386	1063
387	439
387	1063
388	389
388	660
388	1202
389	881
389	1202
390	597
390	598
390	1202
391	392
391	588
391	986
391	1085
392	393
392	589
392	987
393	590
394	395
395	396
396	397
397	398
398	399
399	400
400	401
401	402
402	403
403	404
404	405
405	406
406	407
407	408
408	409
409	410
410	411
411	412
412	413
413	414
415	610
415	1202
416	776
416	777
417	418
417	779
417	904
417	1202
418	905
419	420
419	633
419	634
419	1202
420	421
420	736
420	737
421	422
421	926
421	931
421	932
421	1017
422	927
422	1012
422	1017
422	1086
423	424
423	1012
423	1086
424	425
424	771
424	772
424	974
425	1013
425	1014
426	940
426	1141
426	1142
426	1192
426	1202
427	450
427	451
427	599
427	863
427	1050
427	1087
427	1111
427	1202
428	429
428	451
428	549
428	599
428	1051
428	1087
429	957
429	1178
429	1202
430	431
430	1197
430	1202
431	432
431	1202
432	1089
432	1202
433	434
433	843
433	844
433	1008
434	844
435	436
435	913
436	747
436	748
436	749
437	438
437	1043
438	439
438	1044
439	865
440	660
441	442
441	1202
442	443
442	1045
442	1172
442	1174
442	1202
443	444
443	1045
443	1049
444	445
444	1045
444	1046
444	1058
445	446
445	1058
445	1187
446	447
446	1163
446	1202
447	448
447	861
447	1202
448	449
448	1177
448	1202
449	450
449	863
449	1111
449	1202
450	1202
451	452
451	600
451	1098
452	453
452	547
452	548
452	549
453	454
453	1036
453	1055
454	455
454	572
454	1096
455	456
455	962
455	1143
456	457
456	651
456	978
457	651
457	1202
458	459
458	934
458	942
459	460
459	935
459	943
460	461
460	655
460	943
460	1139
461	462
461	645
461	781
461	1108
462	463
462	650
462	704
463	464
463	699
463	704
463	709
464	465
464	556
464	557
464	709
464	964
465	466
465	557
465	559
465	673
465	674
466	467
466	557
466	714
466	720
467	468
467	477
468	469
468	480
468	672
469	470
469	661
469	1138
470	471
470	472
470	473
470	480
470	661
470	662
470	816
470	1138
471	472
471	563
471	684
472	473
473	474
473	685
473	731
474	731
475	732
475	825
475	1202
476	671
476	722
476	1202
477	480
477	720
478	604
478	605
478	1202
479	480
479	662
479	720
481	482
481	564
482	483
482	565
483	566
484	485
485	486
486	487
486	519
486	849
487	488
488	489
488	521
488	849
489	490
489	522
489	523
489	896
489	900
490	491
490	900
491	492
491	523
491	832
492	493
492	524
492	892
493	494
493	524
493	791
494	495
494	525
494	944
495	496
495	526
495	921
496	497
496	527
496	804
496	994
497	498
497	804
497	1029
498	499
498	808
498	991
499	500
499	809
499	907
500	501
500	810
500	1019
501	502
501	811
501	1011
502	503
502	812
502	985
503	504
503	813
503	950
504	505
504	543
504	544
505	506
505	814
505	1030
506	507
506	536
506	628
506	815
506	1031
507	508
507	509
507	537
507	629
508	509
508	733
509	510
509	538
509	734
510	511
510	735
511	513
511	540
511	1152
512	513
512	631
512	632
512	1202
513	540
513	726
513	735
514	515
514	517
514	578
514	723
514	784
515	685
515	1057
515	1118
516	686
516	827
516	1202
517	518
517	579
517	784
518	1109
519	520
519	521
519	797
520	521
520	849
521	522
521	850
522	523
522	838
522	890
523	524
523	838
524	525
524	788
524	838
525	526
525	945
526	527
526	922
527	528
527	948
528	529
528	541
528	804
528	805
528	809
529	530
529	810
529	1153
530	531
530	811
531	532
531	812
531	1148
532	533
532	813
533	534
533	541
533	544
533	951
534	535
534	814
534	854
534	937
535	536
535	815
535	1194
536	537
536	854
536	880
537	538
537	724
537	759
537	761
538	539
538	725
538	766
538	856
538	1152
539	540
539	728
539	767
539	920
539	975
540	727
541	949
541	1148
541	1153
542	543
542	626
542	627
542	950
542	1030
542	1099
542	1202
543	950
543	1030
544	813
544	814
545	546
545	601
545	602
545	1202
546	547
546	952
547	548
547	601
547	1054
548	1055
549	550
549	1036
549	1051
550	957
550	958
550	1202
551	552
551	960
551	1010
552	555
552	665
552	954
552	955
553	554
553	792
553	1123
553	1157
554	555
554	793
554	954
555	794
555	1160
556	559
556	699
556	834
557	673
557	713
557	714
558	722
558	824
558	1202
559	674
559	719
560	603
560	604
560	1202
561	606
561	607
561	1202
562	563
562	682
562	1025
563	683
563	816
564	565
565	566
568	569
568	602
568	1202
569	570
569	952
570	571
570	1054
571	1055
571	1096
572	573
572	978
572	1036
573	958
573	959
573	1202
574	607
574	608
574	1202
575	576
575	682
576	577
576	683
577	578
577	684
577	723
578	579
581	989
581	1202
582	583
582	675
582	677
583	584
583	690
584	587
584	681
584	692
584	1159
585	586
585	678
585	1002
586	587
586	679
586	1003
587	680
587	1004
588	589
589	590
591	592
592	1202
593	594
593	752
593	1202
594	751
594	1063
594	1202
595	596
595	1191
595	1202
596	597
596	1202
597	1202
598	1097
598	1202
600	601
600	1098
600	1202
601	1202
602	952
602	1202
603	1202
604	1202
605	606
605	1202
606	1202
607	1202
608	609
608	1202
609	1202
610	1202
611	612
611	783
611	1202
612	613
612	837
612	1202
613	930
613	1202
614	615
614	896
614	900
614	1202
615	616
615	832
615	1202
616	617
616	892
616	1202
617	618
617	791
617	1202
618	619
618	944
618	1202
619	620
619	921
619	1202
620	621
620	994
620	1202
621	622
621	1029
621	1202
622	623
622	991
622	1202
623	624
623	907
623	1202
624	625
624	1019
624	1202
625	626
625	1011
625	1202
626	985
626	1202
627	628
627	1030
627	1099
627	1202
628	629
628	1031
628	1202
629	630
629	1202
630	631
630	733
630	734
630	1202
631	735
631	1202
632	633
632	726
632	1202
633	736
633	1202
634	635
634	737
634	1202
635	636
635	738
635	1202
636	637
636	738
636	1202
637	638
637	1115
637	1202
638	639
638	893
638	1106
638	1202
639	640
639	1001
639	1202
640	1202
641	1100
641	1202
642	776
642	1132
643	644
643	1202
644	899
644	908
645	646
645	656
645	703
645	1139
646	657
646	782
647	648
647	658
648	659
648	708
648	1202
649	650
649	698
649	780
650	699
650	781
651	959
651	1179
651	1202
652	653
652	705
652	934
653	654
653	706
653	935
654	655
654	697
655	656
655	935
655	1137
656	657
656	702
657	933
658	659
658	822
659	823
659	1202
661	731
662	1025
663	664
663	665
663	955
664	956
664	1202
665	794
665	1160
666	667
666	836
667	668
667	1023
667	1158
668	669
668	1028
668	1042
669	670
669	998
669	1021
669	1122
671	721
671	1202
674	720
675	676
675	690
676	691
676	1202
677	681
677	689
678	679
678	687
679	680
679	688
680	681
680	689
682	683
683	684
683	1102
684	685
684	723
684	1102
686	826
686	1202
687	688
688	689
690	691
690	990
690	1032
691	990
691	1202
692	754
692	1004
692	1005
693	694
693	853
693	1116
694	695
694	700
694	889
695	820
695	1112
696	697
696	701
696	992
697	701
697	702
697	706
697	833
697	992
698	699
698	834
700	1116
701	887
702	933
702	1137
703	704
703	782
703	1108
704	707
705	706
707	712
707	782
707	1035
708	824
708	1202
710	1128
710	1202
712	713
712	964
712	1035
713	964
713	965
715	716
715	1193
715	1202
716	730
716	1065
716	1103
717	1202
718	1065
718	1105
718	1202
719	720
721	825
721	1202
722	1202
723	1118
724	725
724	759
725	855
726	727
726	736
727	728
727	920
727	931
727	1150
728	975
729	820
730	1065
732	826
732	1202
733	734
734	735
736	931
737	738
737	932
738	739
738	847
738	1106
738	1115
739	740
739	847
739	893
739	1106
740	741
740	848
740	894
741	742
742	743
742	848
742	1018
742	1026
742	1130
743	744
743	1027
743	1052
744	772
744	773
744	1015
745	1119
745	1120
745	1202
746	747
746	912
746	1202
747	913
748	749
749	750
749	914
750	751
751	752
751	914
752	915
752	1202
753	990
753	1005
753	1006
753	1107
753	1202
754	755
755	1005
755	1006
755	1034
755	1037
755	1107
756	757
756	784
757	758
757	785
758	786
759	760
759	764
759	855
760	761
760	764
760	916
761	880
761	917
762	763
762	879
762	902
762	918
763	903
763	939
763	1202
764	765
764	855
764	916
765	766
765	856
765	897
766	767
766	898
767	768
767	857
768	769
768	975
768	979
769	770
769	976
769	977
770	771
770	928
770	929
771	1012
771	1013
772	1014
772	1052
773	774
773	1027
774	968
775	983
778	779
778	1162
778	1202
779	1166
779	1202
780	781
780	942
781	943
783	837
784	785
784	786
784	1057
784	1109
785	786
786	1057
787	827
787	1202
788	789
788	839
788	922
788	945
789	790
789	800
789	801
790	801
790	840
791	892
791	944
792	793
792	835
792	1022
793	794
793	1041
793	1123
793	1157
794	1020
794	1110
795	796
797	798
797	850
797	941
798	799
798	850
798	895
799	800
799	850
799	890
799	891
799	1131
800	839
800	840
801	923
802	807
802	996
803	1064
803	1181
803	1184
803	1202
804	808
805	806
805	948
805	949
806	949
806	995
807	875
807	996
808	809
809	810
810	811
811	812
812	813
814	815
816	1025
817	841
817	1053
818	819
818	851
819	820
819	888
820	889
821	822
821	1202
822	823
822	1202
823	1202
824	1202
825	1202
826	1202
827	1202
828	829
828	830
828	872
828	946
829	947
829	993
829	1202
830	831
830	873
830	993
831	873
831	1125
831	1170
831	1202
832	892
832	900
833	887
833	933
835	836
835	1022
836	1023
837	930
838	839
838	890
839	890
840	891
841	842
843	1007
843	1202
844	845
845	846
845	866
846	867
846	1202
847	848
847	932
847	999
848	999
850	890
851	852
851	1129
852	853
852	888
852	1133
853	889
854	971
854	972
854	1194
855	856
857	858
857	979
858	898
858	980
859	860
859	861
859	1059
859	1163
860	1056
860	1060
861	862
861	1056
862	863
862	1056
862	1177
863	1050
864	1117
864	1202
865	1044
865	1202
866	867
867	1202
868	869
869	870
871	1121
871	1202
872	873
872	919
873	919
873	1165
875	876
876	877
877	878
878	879
879	939
880	972
882	883
882	1024
883	884
883	1038
884	1039
885	886
885	1037
885	1126
886	1034
886	1202
888	889
888	1129
889	1133
891	895
893	894
893	1000
894	997
894	1000
894	1130
895	941
895	1131
896	900
897	898
897	916
898	917
899	1180
899	1202
902	903
903	1202
904	905
904	1202
905	906
906	1132
907	991
907	1019
909	910
909	1066
909	1202
910	1066
912	913
912	1200
912	1202
914	915
915	1202
916	917
919	1202
921	944
921	994
922	923
922	945
922	948
924	925
924	984
924	1134
924	1147
924	1202
925	984
925	1134
926	927
926	975
927	928
927	975
928	976
928	1012
929	977
929	1013
931	975
932	973
934	935
936	1182
936	1183
936	1202
937	938
937	951
937	966
937	971
938	967
938	972
939	1202
940	1141
940	1202
942	943
946	947
947	1202
948	995
949	951
949	966
949	967
950	985
951	966
952	1054
953	954
953	1010
954	1010
955	956
955	960
956	961
956	1202
957	1051
957	1202
958	1036
958	1202
959	978
959	1202
960	961
961	1202
962	963
965	1035
966	967
968	970
968	1026
968	1027
969	970
969	997
969	1001
971	972
973	974
973	1017
973	1018
974	1052
975	976
975	1150
978	1143
979	980
981	982
981	1144
982	983
984	1202
985	1011
986	987
990	1032
990	1202
991	1029
993	1202
994	1029
997	1000
997	1026
998	1028
999	1173
1000	1001
1002	1003
1003	1004
1005	1032
1006	1034
1006	1202
1007	1008
1007	1198
1007	1199
1007	1202
1011	1019
1014	1015
1016	1048
1016	1175
1016	1202
1018	1052
1018	1173
1020	1021
1020	1041
1021	1042
1022	1023
1022	1041
1023	1042
1024	1038
1026	1027
1028	1158
1030	1031
1032	1159
1033	1066
1033	1161
1033	1202
1034	1037
1038	1039
1041	1042
1043	1044
1043	1062
1044	1202
1045	1172
1045	1202
1046	1047
1046	1049
1046	1059
1047	1049
1047	1060
1048	1202
1049	1174
1050	1056
1054	1055
1058	1059
1059	1060
1062	1201
1062	1202
1064	1181
1064	1185
1064	1202
1072	1073
1072	1202
1074	1075
1074	1202
1077	1078
1077	1202
1079	1080
1079	1202
1081	1202
1082	1083
1082	1202
1088	1089
1088	1202
1090	1091
1090	1202
1093	1095
1094	1095
1094	1202
1097	1202
1098	1202
1099	1202
1100	1202
1101	1202
1104	1105
1104	1202
1113	1202
1114	1202
1117	1202
1119	1202
1120	1202
1124	1125
1124	1202
1127	1128
1127	1202
1135	1136
1135	1202
1140	1202
1141	1202
1142	1202
1145	1146
1145	1202
1147	1202
1151	1202
1154	1155
1154	1202
1155	1156
1156	1202
1162	1202
1164	1165
1164	1202
1166	1168
1167	1168
1167	1202
1169	1170
1169	1202
1171	1172
1171	1202
1175	1202
1178	1202
1179	1202
1180	1202
1182	1202
1183	1202
1184	1202
1185	1202
1186	1187
1186	1202
1188	1189
1188	1202
1190	1202
1191	1202
1193	1202
1195	1196
1195	1202
1197	1202
1198	1199
1198	1202
1200	1202
1201	1202
